task1_precision:0.625
task1_recall:0.4430379746835443
task1_f1:0.5185185185185185
