task1_precision:0.5617977528089888
task1_recall:0.5025125628140703
task1_f1:0.5305039787798409
